x <- 2
z <- "FRTC123"
